73350905712548103291522336782960435751817580657378356404160751801142087
93928216424481960388988375759493755677039890004303532538261249062613901
13163323962990376637870059817820991593231020327207569503652418360871387
74648631809979931008688954677209113581925335205334113668378534586030586
30867489334723507127876868785596524064300759442711703459529490490129981
89764798012713694441150916016968046622852015642995405186435414697128518
80026570758163125201576254445067743027899908407788327997427644318787947
98556381912026005951176816297952031224990263936560349841088624977462140
56531650332477061194516884594850732370185337242792868823577840887200184
44889161583746287087446889982938436189279438464915208465254008234570395
67684543268173192369428244459023952856749670209034060986596077586120304
93538251748647204944809621444732252645324659478775388536161569411281271
26881385082324371879555518882110105936236201172882906124437717870074463
28219910462001961205408644402981515464984797633571598752761013220555502
71104893080224001438234378217514982731396579108143777652776701718466232
18537930373608330701200405728929224081166352420135717906311321393711492
29714403390457648843351378808278377685173701225482734340652017182983915
96006828932380196723804737317932188957668982905815515239594313133134808
74420606906037030009715094460565404518274803209950004400598002241087959
70872406601255600686809208219573608714770620275268252789792710784061353
81301142685720045786215733312318535086931836331360943723258406872611687
80539517391508497332919959484027265283336697453882672810753651784982089
95047108013617729692926723222691056282375285551094519407948242379844463
81178431210387624319328200600110589183014444250910544038975451946962482
11178911630584197147022802015527355787267862201629909648348918246101969
15989015802847244099850472090789159335122637951585431361136532875403250
54526513749725130315356429041404784013344097793364998734747385675042371
85354547930799524542232095082508409200736167319342706140132245938432511
25146330684024773447629014653215786963744007484154603783502265850132933
48810070904708013477672204841841592824741090304441849848197866437407325
87816159884805173709262101140161834248288131146784040904349356020725386
27217853865543910994368625780447943500924415319091505591227851327969952
44639482508872073351129298759348774506855561532960688667908088297568226
56579364318216169195546187097955325480495879436693394297804771378630183
60211885064561388631204768833448649743923699759118552271257389409028469
81046505401471289956275071119641045436480049815933281326037625317342202
91960834247504629260957218841428803478829541866523472281910390576648506
14203418952538281572689386223057521753903996322822039009943008558810897
40560594122803652334461753878284910878592284940076538300258051634772214
84903179099485853471017211326350981253471362576850351486687109992892934
67028957749675510778039043124692983915916780210273910908532199305579240
67483692357659710070384909875837906113097977076588169654571507434886342
91038571798663073865280631798485052427929652580290704920900136235999054
88499459667681456230468490150199507393109794892778129806288759239073868
87936200568315329645474258873745746283748127828002273349202945673793501
75957904579644901412499794283140060534270882789769069462422864077853682
59093659405931942614243158559548985446880201464206968252281070672137742
80666255121652452444716906839476520409972089381895523965501809289541785
77377300031436011776376157791981127137050448733690546482875534577869944
48593189396178874987072068510381724559127162244287212718912983296782115
26033154184510504517705828459354972601023994654673728146350432518333420
95894119675131849339979101624562482054445277654986705894894206373448841
67678000237522864391962373279816708853644649308592379324857436832835578
14986229234270330447442773135190438673872463126941719183538887016225765
48808424845713543208543347081607764085422219225930652122803434151719132
20440189462817624694345518503573246727589241380972036325230706239176821
58567815881788652794814148070991818151485739219548468007966589507579163
34096431072202519390981105589917827917005653183549726068611490896605814
41475582209804060261920311431441176723153959650007807994297792608898612
88032544360980155093324973622586443953773835211306599119632814022977556
34659844052348024412006347365704538655105534273859630223802478908076554
56067980565951609778822499858912329267207247751097018328623870194050170
31570118501437483542508639810439946501328730398127824314208552409093942
82827517613399795426144630049490346143816856604898480144643882974899190
76774989213929692565048420156604287185584050678031965176304149315627954
63275564594568207718489383024060227686612601205113620121055161507586738
61681418933088907300297389890604389032537386756664376658307332100769358
95610928465717700031097955485660854431596541574196493375440986729594201
12926640367286566328467295352698010324064049253432796330618407995653226
94458128917328896691709138287604286627960186904347570567719677631386196
42701564873114073692065767513029102816857128807981022513531420077403160
72318025175714323626953730612923777459235415390809341075638068758310746
84736742581920277889568649421856190475490991046569051852676060237278455
43190466266735427985255924853362569050878466352507588610701518796001661
14011773089465277089898554920953742618548823687118460063246131218182711
80885658432994138782524706447149558508153715437837742923969641320670123
44849231021745422395010741132826272007718934874654630013351501215844300
48948011073191390714468191900317279796895065146601381422167335258716712
81683051896220908714026460973552858357482365611690063024767824713480518
74718022845886570553531629806554987912370041690587400352528305922457412
50153513146689193256639319868666371367322638129283165134141451230951314
40280050306436082722504282615048322362177794153351087070558872460458869
83832368018714782204622007086145569064119882581866638800408930559322026
63303876089095031280649014032040224827625932427534657015822548683902766
89164286661581498197212379166488334190807446058869201774225224837379957
38953311855123324730698238000391477094491777196261235438153704906812333
46009006797399593445591567155117842015071601245055630885251785076504232
19959807743242854358963598970640374714236944115496302623938774017885716
24598243261795631301478531043006048909107038943124356599730342705236971
90021204162400475039420453785730894692703490662984501120310831899275783
58262959771156721369200638464036249371076542897334461866139770357638266
92670687298103622382325347282036702032384090268897272350419906976680253
97290171508869813988728085873472292977723361092716626748668907638994124
87763282060948018069034850897199647303386642414886045876042250833505529
94719519858525363994303304590006625127802837144808040482552526756580112
75853544056289539933693697767782943008737096194588064768429092257811291
48629659106530715607674693998412354977447402038453359309196489506848150
70762855257038779701496123197620524058209861083948578429000445985859893
15970911371367658069748556623416064015540936913536303316532300914628689
83629942064312518898555091738906826160314788462644819301187650717871846
72034663633231182993615601146199222453707333349208959683821877677026082
58481022389019092870604212116328400756309478007655784593265074579868057
80329046980624172383168611433364357208668535232855677420216050150921145
14538753383489351322322538858036074966513752358306310971366558926039140
47777230197239625141718923106437046567012860219557644003233660683264115
83704128985830736174475615223374577368643740401153446705615907738062770
60020983717349243353244290723144848564187424839082934100341725678950872
79547291962533089713036447892968443898317963807391550591290337107537873
69470605416424772009264095464212942990580281574891772965753024274618612
98332733773165452326689495707021395394703368826921255874734881358563595
87108683874917134893474528849499911490684785985426975177052552319796389
51163499547791230740826184186072776321051096297828037380311734205642045
96775281742379260446123886868830798577494450960608933991282173387477662
44479281973963173357691169550406555369094027767511619892884852116893703
89719836097874608221515683096553590388490013988750263420451683383861506
12402258448874617487670963762455792105622986572690018363145043297387469
44643607875848270130045448914275527200690112301128602706558060871780861
72455007251511835270547099094626456925711750223893730616807074633294449
89237573512057350603866605925444089194188507263095373792978902021044133
29890271135110503140007649821656832062196567810186363599188395614460622
97529578287901218985437804080984770282352361796954639595160144456191735
74975840918516532198863165206577451404034515534861017214067436857989615
99198771939082060952914785323877869792014973949045816473491061231624618
39910568189149808005645689234860915546871367234529395799560538953566397
38247445540789905318755827121682828358208206642558593603910710545610983
28880846396805183367124411288120632589477502698210865671022374080877068
76116596365377216181244542637478754568187522206873456952312227003699669
64693536898866910122386263075252405735235725418983780429425583813482993
85281402107012375601883464011910191241528589822597582110463615272630526
23146546682881385141271105568929154155231276636418879850060543789089926
26701768552691727961113355367427868473439817014868303540656132008205341
47085175752232653328953709085740046222798691810840052961482203118420610
85079816474719237960690652665079246799269705506900617677949933494998619
28170381553580325344786887213948369467388007219481336703825748686956781
15847690469724901950152239543497949942312688874545076595539989493982483
24252314804204976806142749322931766679427695601178782280606496828455550
22720152866261883254222093798820911706486589085452582832303224798279032
84031784312533043816255367065463266682731225171451461148203028017730748
58041849424926673237085979823203139510623354949196078113468933842556165
55986172185008140151759267616701311045265715889010627651770580467006551
61578013190006070594557715802159274346164916414987921985020458927761154
69441647206918581240028984053153311141094653981381281825627987190448654
33374622030857767213916812076071109824919435024525580166604751951376337
88103034496816476216997854439455113410969032885963922964616467923364817
31737785256966448324732374214965966275884774148240686861988248477436110
31099216127572651183524629382480426994498575704594515575134051544821290
75324124204007695241286969831671590891678385595529982537993426755395981
46271369996851826437687555002043273730734831098907002705507675890470944
66286523372852752308596966347389144678406049202774967066880521733137760
82090164872692475866791892632770989305498948206588224169233547492199662
22335451215711525618089545197329492009276570419320603507561287289505971
39365462162397135517849208311397857242645051005145592265329995276966382
30101824874061264898971737072896101079489187345309939498218070519968546
86181231034304866478656046094200137520010742596261924521919604797353665
70695391204124737477560484316922988641375631262692198972274154353581185
56342638001251664302113891194306894480935455591763374451917142147776888
34321172655621985432108333404114182177871359577653811861692780644791316
72139139948268722840747797480386294956549857841896666202814038195507189
79409937175827146746842065295559686400979073996739590444547912146639317
48110777668528481831301482167486064813369561202493443460049379387162271
32236963055362828174049553050619395959232418951230613673032383486385491
76254332936437742031945110131816455837660645762844976679206719519829342
80859291015697978334958908678995286067507226368084258986277367135054091
33158970954013723558735021477855499603632953197277544771281977292951310
42716877092803033007130274555610337066561420466057098545884805351553410
82978718703015033876559469390056747330347420241507149081446972110586000
70529838177236512507158692930867192970871308658521891386746254611352350
66708359377727514977369479142057240021933610333345815712421270707223357
68098537956224131747998034839863666634825643670760746434947954899631258
30478667246169378656866266186588051045452037266261256830892684188291223
63767099283196945772707427623901782384537321777968732792458909199134570
99567249985741046212105093459435732545462704180965185922950339406833823
78806568988707549631268636462624593794760879896507463145261034871033366
17555588042636040542433425762850033316877647760848167368112933636771824
37391139100983319691207839699262428127757770609508360439597683991599533
15395035326143193801828451826599906346117804609521982754513318577178445
70086123866356516967543247374855944796612396427769322084070055870243011
32682225151007725380624509950324281494435723883815980975960347985951967
57736914169378184605346038949857040131671107558736151546889630997217009
68738527754510973604842064603690867272575872487098367089845148186082538
77008824926297537146458087296199109569367494374593755502897052085418753
55347604016213433024746521017986046264667285297882125440609325109879388
97936592426182655613620627610376564697961973504883720053512873392765005
39478303999057969284751753765716864145667597146215411502699548544752153
66620059002480517688877302845382464447565963526225806881695355074003620
61656082296804122700812873287792360259489026061099392348925935159701472
52883852971386671406454346553304949546597642528011771812748735487024769
81917797109203190186870654851936550528135146524604559145095959529539642
48867182244922180269376702435701652136476459028151053567345848149495730
28907407542202199124763126061606769184021554980576081815986707825306860
82494803100773551601162079258176656690153408834201984588329356699705286
31275761908246289984309681177102669070705783123302431923292176009674316
71086125164928549630164805572194717175195785514541337607769152376428242
12620409732256001451967400976128647519868452215607337446639518064957922
48779304910333322867474712973088144574727766938949311313986457271636875
48833822558842729771663581295431422547456162295703438964552280500505108
87755522886847548325344356732684674942963957290602591071769149371638009
69904259881319277464337932348322158737320925029631993885115744708148486
66588676974598396373631346436767111368807010611747709922913527558762037
44844609042405488988795028348507293876305178198214048993698438399987960
57815732375704739869409390462507168519167630912847510572128602515651123
42402415722753960811012165561289956806029639732793084029221687889878924
36424617617670502707138397886240871509802402067432001931478675689133852
90307579648218309780510761362396793492938132328653988648712127752581857
64648663006475954359716778443025523697044848587893979643307100131063658
27435029801621563950276232225336581257513575451863583884831383049445536
71266276359813138165874556044122227585955084837236634930114303473780079
91121120616577113541869309487855578087354338150898433453332510951067088
97029166159754159886841921213200963379702098870738465947113330396437162
71697347463250637817000654589107288513720950056333636839772772524479644
55598123965689400650850628165168966805016361718391414719244961031035756
33953014028909114937485923293810893534202958534966391238500765128879763
32763472799471837909921195130533857639039796216684421700672968253995340
29199399973727070581380095859283971189644592270323088855756178882899714
35242017635204457501409016174242660463881563999412621185590966785105644
36658649691808647382343880693633944708803415819202813196147097570155756
23968959695457734927137997797602816454035384179050784666277227850139648
77047192095786253271226125225370496102346212556023248045262516578507879
74950945085547402543960456087782380244478091142691396998859247239271384
26063577757309142264019211620405561785191109855108964077127867772675246
86722430316910450131972928250953060657016244992900162565856072129584660
66340311783509826376917549682056070699325505791583292869645180293963249
95398150045884670941397915585115776748223197541329876214861590828465955
14121666560931325283232934419881937450126106166455239854705553511621345
50449028753353734595240519900455708980462876120426354347128809468845172
95306431955143699350405277154224432591805931805499927696526953022812037
83188021218029441745916762484995834585556988627647266497117585240903057
19964984940253676901295336953308335229270891020322285095921848484670123
57212269719120134147533566485733971912033263375404765260755101083723076
29418876653526823932144973680238834167561259136852998301835145135682687
77445175202462747420636302288027818302383112472362078451072227152638469
29620991170503653681741241419300930247531179283918034375876399588413141
75574222704615024518413121781224594025944807347621137915002654056631561
32933939258705097589042192932491140514885690801867517785549498830598393
68900757398667088153741297832383124003110214400091660588495722572793031
43685374580747358728477186555902202893990130464200650684700867820384100
66164999643275147499938015579677480015887271073392416800618924076519842
10187081415883138532242735325796388594706853673644472793399867381044319
52471423340362453143452124550175976289256849249115606028121704303711804
30530777015405976344372416782668370531005752958710921270017173559740668
73278716782936982053949215837607234162275197404869739482424271034469750
66975147045694405709393105613104665896768836779035909584282878404496110
78593915597163208987359804991963596256957737094593375039110564548733810
82382563071170843373881233215941565551046906665073098310692690624369519
43477294660450856796451687004310990928349995413452365713894916832572503
51890816814538559482556445891061970531370131726857755697724327876459030
38801185377460782224536009584778750553956014749149685595506007723944153
26296774188441012621444116211693210405385068056322682951308679495964625
48483996245057683284090003498309784343746345987507445626619795669765179
92646991104828670533038843596054493622349961654117218446854133063274396
26876414460203173518461202541804364084621261048884984051901785216094471
99712537855277805850455246036672383225344434920354342935225760414999411
34899347063777067781117028794373174566407969436596716094690305159221854
79150052897612943710267336262431189585660001982116901731214129905655324
82461147035781429357987045725593794609118535653661106399673078211724278
33413566958812165160168698733145640309950011448894249306233534461835062
91787294788668636834619855143048354711411908153340330045844676270040641
24808993498027816475928124867752943487255614628836544611592428308413237
73301102556020387161165681573346660372067323143651380649195657073332208
98801504913262610705208129415028891407531299048179104359641701885908285
90994472781149316920789076265478713089144478021415632779690461523749846
85748093860312869384982843577878204917221012792380310940918915830065675
27891477947569849949464727678516312910502734857413793233483669793078750
74238743374917743074315385911669397962094038108525876062061613936412063
35477004431141337768728862642540859916952762992773481538110955329390605
60097068597025880619745809075665043259020445092425847870023704828570744
14974785329860826929149195014308700616157733184070442002398748708500050
37369565409771529890008259152747208991620238840600397631479689914536210
22945142345056781485854712790894107452714850307207868896986746284602740
86644879514948966515852163613643278307907320464148175429868151886401637
64331214233941300529868908306073875180294177651328769458393831858418836
80836895577542448019520534213555559015462270239940448188876222166269309
18284237600451055256299981088595884273810798532771886251459739506144602
81189859525033897641652272270337253349637243117430181032640791643817474
28968670468428982113522507989041962984089999824127364612266202825523873
57002517332065390153241646865545166462534731289820638460926709452130982
50461238793438516740419390502224526835643099540412964183761335690527201
58392250483314753855614048482126625411986660849785564988847324727593079
70340591148749142603789719547830237726147091335975747335302872283460864
53568497090922077802796338097526124869905770251660971204859308574343704
22955425784741469243147057389626016100060129568462872804574251612851237
94286182993845268169102813200002913045234385456894473857457168539276573
21759238353216295118010001295386326339425519647892775004403924279213511
76771742888398885485231521889484392596648889237128805156722513328711794
70041335614094772811293234157603117811661010845372618598087098038867384
85575436284584003671456050843533192050573930750591205111870225814926614
16237631041967256247986853759176960429036974229901716671109716604457655
31142547172682449922384014137351994124209700509174316761412245858633718
93635842943991457864173762190268655854519013126873447673871527557276832
32611372073735115999737471067498006260017453636033784368635189024791825
22521377398844597365366126938151698725856453870266292977888633119964469
50524378633734613228325335825032884996512630562530823198899512762485662
13250832094264372284005626957453234788369477292256903813279758761966256
82189863973992111111920393007106529146833190284153732122182270070875563
58498339288466299312630246738419116815155519978459143321761776164206251
16778623428911456757069574840843238609719074838082491934131040429983251
99094454552797036976462106217448863518528060285551601653242777616983179
40397872428637930111598057557019532499002108135117797899737420919194093
20265107383851454766521286148847445983518422424609567178388971514201716
91039216919343811074920825097536549213263466734236417678413103301116682
61520781761791192086511720390908698793490560367999824885376796464067950
54005487728474814940747202112117685681966056182760359049889009996467032
45621808306581286851127509114291481086800156209472934499592405957316084
10511956557514033557872894795892899498223106833658548857388028458349931
24871317756839517244413874233122954972054582539826185014079831276125388
62618726765242125155059013664662709942025708961818409211199739286427941
38010332160853517562309405854969119378537450950579649325638855399103366
77328273024086369829809609900883424465911732516314816062021862258652242
78021042691689663599633809715913134441913319448906584527222663513891123
94644604287957176792993329902861554276690700509524123773527886101545056
33719457753720994679546059018823385804245670569168540890641007668266152
88976176395196968597961918525208737325979952122938950153473099583195248
77541479009970662341179678864253997339738085698167448854683427771272477
54794195693848327733200086394694041372196852196694863384346829484235670
91159631321280826121017122800462152364190854673974985150643577239791573
53841891202655998216770485318583831971951439710202636562689124216753990
87777308592169300571609247224324488643737234175892773009650331154944115
36603985506502492143190883302301017793576174324861499453334680817433489
15445947254253958036551652541126952745914193904674425239942762588471868
84884019382229513066763227607923690778478186999928502749735945561297738
40604887548284164921758931837636004926018545529841860260348297123044011
82127458912667950997012935064751114611429038631572145991426816274345911
10745194627068271927152676948472382104428883999411597028654296455084876
98939136539510349227980515565892513669846086864002388678178027807516674
91892865300048042247253527709996406922307236253071635693088103616378409
34438998073908743431947509396461820172736502101024201469354499596958326
63927600724351957368112056796799109329693850950729758788173345263455801
78292260068680703869479974458216144528984765585224363657433886289582735
88468139210443871665274891183162132993512862411818279685013353197742558
22156758540647654255502236346821892775151970080342025804915374889393273
50305322365250178232802361287971462745452819330419703547843049897216252
70014123929965363043323230816250665558582751670575629725394680440966248
28520721483973571573546049640281686300304399802520530705339093848665707
20698399564883463509491812977660546072170112601958851895274852854211003
82673154995298051275621381605130691798171659586517105977865670352940154
43096035354547544573131951670178104498636796072081083592493137862341179
35548742632005432400967969973770437421334860479396603581281535163027308
85963349061172192604366388296316794640508744507979250024467661705240837
57329058003268820252298561083850883408544488931126525969299624115254747
32298772173296860996967839160638602217361839043813577754756843437542214
66272735368335788188603370333403507132729414509809083797624534227381064
72224980006485808801369729509526204403968442336649449339023894305739999
28117673199312041709390815492715945482839666336819898324318193549865617
59279905938456621124497306170621566097802705796269587545230564376628303
43327291717544648609891790058285425424583950383017708457992793502566282
53847470723444950809037696337485820118381978215797607544500256451787148
49520881018131724660166933401375629273530181516260133655138085513406264
34631794542761013166722213968595600696814561049344320672580888908705287
53620362619217652648427170221777404115178589725784367652123101135820316
34587306901437231201203684953843821101900443300108128595924472755651582
19705378752003764081916256452715991472147488644582376399881129938363447
13274352834657867026300776089015935283917666680115819383332062050502335
65154739788903629932471679728649130015229318183903148624547737996362424
35359717572591933904399210033509241736399304562968747671429352276335119
29070164562360873320860709671660154362575956849449104257201912869744163
56251481116401953605569002645014873823745690460259065697657620363010715
18132579718293784004537540136932603370728321751791881099473904097951779
54110198990438681542360599837647123097423813089169199124446070681937280
10369529606320286816125134449559740472652588482754142675695122158091832
26521254624232031968521257219800253594676054527889203990049580202466605
31612425944529174898530383358897212536966457083577276207419450648052428
29732194091535909766659581213368735560955254295303173883122400396325791
87745784727815096384199334551028688926840630419161162009053753852571180
86943651525650530286911995341357065375158760224546697325507243577562412
60695790700637613100345967461509351058037325625102044807360184311920742
50124319622787866171168304622105683685252245428765918815142111672312268
58577733464399082561940747716588760309921456255541963507479771574358669
29970028129371187974246641940084407862191721563005697831186103294705546
54896796874369853327844810672163572933098709674471399960103975353337026
21942383712863858541118851568832607507764752113195574087244672107431766
76269243039266574824698996559676274955560377012998957242618486025372319
89601234131127794293577818871058159135801411206409741990274182444609034
88949157659848094012948043915648119448798173837299790160837947346652335
84820476029669027226839985446669000267799113999303295084270625248846332
62297143967251272335748944430087140175554356390264145029244251224865678
86988475144758292779610990336217471135467204503965269645682212513146284
90894530846048816827653152385448893565786606419843246260513681099345696
62368393339839752999578920787481312491156786400409794025003481812808569
56766347767293361126256070085815060553099960578684545210164493109148055
27910882605453988327440484351869483221885238291224651432331545382753571
22454985359481451348581379574185352113007817205045831716142314207462462
20395664851600058685895446337246768031002905330159410878334153109786256
39926540838250446922511645410046126223825675748478808094261049935252959
55963235835165106542408868377234160688089614012869657710244049643169004
62333533202876270791234253072872773944751135356849835356397534498980818
75967482163501529305605269262024026002447629487142799658398521639296798
96282770834770738516647493701580113108671019672554305760582466607525339
48508441197631280568218596502354550485112726980023979557551037889718960
38108838462125794114533359193952888312051726522249649451924537539003370
41992099125961876771126800499795343099969994010044052500305375724099977
86199705787867640301232252964426229737591625965660293265372556326696866
33834366249071597768300704823051915364491301140233922710112736431957872
37285667155598047158187591398261975539295437948864445108041354145483676
53859126664541041362805399428065078551282463921333423715380428029431601
90862229320432006718682862589542435609737200620740976441526422462588185
24693551760583343747210198419032253902213172456641422193385529356658976
95272419031280430812517581612266966412059348895171143042952630184160387
17175169665166191559592779867611128099569205170040502011205807577816497
91913215349858649558431977376239926472687420675952982775072194959190326
47032684093631238751317646286081750409351166969472979499071045473166157
26490044618595262174011337214524352326598287151368823119170142323997197
88091000658549001045923488645962685957371107390671580269743885775916850
48164578158242897796138337557452854835518810457431575780103506214839478
28760891134108435557976445260959886084657310503667047683426539052762597
71340366538108592572584651892745832909997716146419679045712024503652148
10264903484323153035709685707547082742984315671857693108167694552747317
99603376603464059486699820136501598735294388388861783813897276535517221
80277434566920282971375848959374065781537184887653894206963876749377501
80964782512847626945358532773173538104597306143628501732255943491505971
66075750107450061730442169786186286621218554345503151863049644585865341
12453110443574678524069748366631659701132606069703190794944006048435830
40937535038297243449743133704330347114773964385273492565800269094445797
92237641603613845330351917749679829672526524039854030061031996666882998
80041569485625461220557820473829150460026807580716996497553518645005248
55022032214309814837624852077222797148053365470275398303204967127376627
94554637694255314336568830325995545950787907015152244673626970927685452
86991873480966668803856854902606082246117962824052832329694937362372737
93153719696495120210216761877080628472536441610579817979707410057714476
73185680491291720226775989740600624248407452626919268078151457489096758
40122510316154127593160798328774410437109993367128341018929189447456056
76416678516132848037689113450680691154547573712024217245317512078081263
10623142089474939394735431398738835182344136462674542700142795230800520
13108488171692836929648208297517800766004636902453521908069467139157710
92235450857049769138743678197908269745714601131552710021061079062154033
76804665394672193592040621642073666873266117892659848850466945998399264
29470932070040535101756691939983063004952314179980443636784491532757030
14846938241088812548849010062090695503553162175072138202216682413127453
79900103479071413543208814599663089632770974463032901736640080538535280
20733796579044113479106683904078789295007765584213865141321015263132323
78297224652164634707219182412903696941182394093150644426516281170606241
19647732818639235078495819213888171303258008086812533543174364873306239
96430239991952444998123582520219291938111183740611106764475294476231563
14105853533518431954134509059434355683899059290167200629665815437429352
83153242169778225374202934650699142340988671129255286705561447384459507
44587334830590466665666925645584406632061113636241519924562847551309728
82776339188797869405446172362209007037183032739644929503934820052156669
96152181169184333283042147996929277286372355120234830987391317884686922
42577314163347660378659148035383382152797363479246176600178199441720397
29110279251415331027805817706160365182965085990086583788094612334579112
13217396623450922044122183313012718201913685500249295685334251835563782
48127985750986649543878121332103614519223557734442873940779840487831733
91519896232838410450880964422795469756422606582255078780514892151397902
49637208396006729481903328010483012744849643182453171012628643482282881
66990970698848230845555427090758215940667743230972922271084146369506738
60456639686774652410473941031187462198053708894252677918861183753202619
50557558066899592660977455540015012497180861759086366811042429110535879
40849433033866503033007233151722835590708267884218594037764630527088778
12738691865725327589727235583892527272088718107808491366175707449648040
34766409016163081253098579409172790658260484651454091503449321718527591
78621555404954218203372884314136030274236727294140106320588192467987685
72560650312977227228217190161669004191507758178236020534455959188893163
40423163981897329603980563592693213035829765748884822346982257717861505
93183401672301684880040740444925098969253939376789423719057578850508243
58927431696822919275072893904081183369379055620396012139530506278959818
40294731107127184883324457425037861204376424975661866375736420118781578
25563753434011985403265988088629940936357981996786118634508841791219276
56165506129047482594078556727830451371551716498614053221875848315210495
31743516444684422819327591411479181535606129514517818871980745573499129
76085298860238695875698566480823886852892032273204427365115024680612258
42202515394697143980804366389058533253979475478399511986742407627264160
86507805527734067820096298612451521437162962779649675887225220177166976
10608080161388207106479834419753723351322853212933533245287996342287313
20923094983037349328592396151034378412281548678691727766803160435307175
98690984098602243941798707478554300759187081198852492201149454889913505
47167143216681998481517810863921551368262530157051814518139478843872074
19607999795529916284303319594508521731054645993745717801689132974220342
31486335054235816445951819961508415794171129322254493720772006669454565
87188879187654418287464401671163002699566443067084586559511977912060986
30732535343377663373834771792387008797812148167820072619030956068055713
67308909877236280821255196648561032951726352656810039709685251973198460
64888983625020113806086214817050090401276049553159714923392347824606827
33657068766092589652010740940585884361269256570802797970956876530925268
54567026699554717889890733200493126625513900602445039067443262626602192
60332145596113771782258939252291385505553082010678996593463831822388948
31031292352592773250498769322932368923838586984173218347514268567999153
79089742785994396899071588219980288111065393143225150774592082045532723
74714687070467211625347906422013002706708200677943870555419138556550140
61426003519104770443723721651597395294960663553290647128665291334635192
72166210882686954147586085055609765600333393719389419117331495192947204
69000921947354206691341492855736870795488051752785828252140480786365776
76495223967019889416276794877133492641292947934208236677688389902800241
11428609379582237359698312226903347488715141629709481356695812474824614
58623472393331618931438050195666279613870301326792996664099978429522500
37090096770014454685541616735842598059310879675243510634485363052676931
29972575088981136664501596261166017675316020896932706500425699983015993
56062760050028831712188076648434801478266212973103918576880088941909994
95995713318464817478145509667008140951702137549773252647400713557113168
15736441663679491057215236859981924586737151554008907122621131352478584
15521626766923378500879301586377070028480237888719218262773358140958243
40134094361575903894437697677601448220393282557370718938725194819857063
76069495429418209047764783194750598405857633224684342889260272459890981
89526042854614587641134459037728823056061423405277358653301867073802075
30247230604362418958471326323372969985496012969168416279747524266258212
75993266119735063654706521042077171760233682211725679178742267386075786
20492987733612255000340139719601314098238050502406817897198827761955531
34987445370831009212307404509255086261403037491769471706072743382618086
94859449531391500340228000632761293809371310127736790549760869312950932
32291600093304301403110392935396539259364248488606985704277966211578035
79542297452153095846391889503575355303822196737520723644857068682355060
98526001126949653522012756701921027194585152823761902599360227812520730
24688422378547999605323032214880407373820669023892584004724009321692640
74915946832121117101804808559682375184374874403402750746384221135849418
50970795619001576359490135235499186030782166451235277149096047595576316
39436183795543212621979275781137276258544264134467522206582102321679701
37159837149592145193759969421018160374911708111545139384745863202887890
12771415121253896144672160880939608156432428716966892159740135324791894
83303128794807070331010869092286686306533406433445971484521103438857019
67438213072340349133273178333891592948240318737545035331598589709792267
16483522818428354546408408531087599778930190814088574807163613159237156
86615844339798984544459118241402738265793166673454125731120491230910467
46614792351713801388277535546751689806047874990545509576307646271372932
30387766100608258420747282108314394203303764903658621904052275839091145
60458488051601404155626003167975384716630998474084012623371720754119697
38724174953569250626089221374515726232688086625283825739412673082901885
60061770018882779938098601236805485915452768318015069935492311019861948
54209222034412338619327510604670043972292840086355259659469571692874752
13456954638633987954008268654894944365725413988233797123334918679412199
14336380353874893492180215202914017206161949236882351215993283212320189
66898677083012334252627164906393354983693882617896974356924907116704583
38376747206952249726557761657466518871549759293720400586648610779900940
71697976662165350848998816029337148504450781787336699092947221562039928
22560663279293474015685167567718065894705057956363999809004252902327674
91569773092175660808938763658452341141283445345429032901339933895509130
82826766786373924003855005236634855551890724947703770126968027303689150
37461958251226805739117733301787164188464200969834338622831618949534122
53724299592951489861251178471815237162267229463492536213615779970876373
99906087551767877538890483790635022248815081648239195676787872987443695
18774848301151215039248362331551859435632034196957180043527866019564281
65794105970180468822780600929068346136493212317447121704309841571925745
32690763002928184788371251264276027744833109178126312556495282200205041
18479913793961826509833427015325785907177100699393741044042577579330877
65912537351994595949535779161999418604056523893188404130122335808072255
